,0,1,2
0,0.9858774621677366,0.01285783166420634,0.0012647061680570437
1,0.9908134515942699,0.00851458820946011,0.0006719601962700052
2,0.9882230251071569,0.01138217358468357,0.000394801308159406
3,0.9659778587839267,0.031938966538592566,0.002083174677480872
4,0.9741375407151742,0.02391581610057229,0.0019466431842534134
5,0.9794396854191274,0.015118090083761743,0.0054422244971107266
6,0.9727415013056468,0.026318796701687356,0.0009397019926658909
7,0.9830806250574855,0.016582414121943372,0.00033696082057110404
8,0.9721709926443618,0.02692949563536302,0.0008995117202752864
9,0.9782400922615241,0.020813131388355367,0.0009467763501204746
10,0.9709183460674004,0.028603058706065363,0.00047859522653431757
11,0.9371270702783749,0.06095753804966099,0.0019153916719640627
12,0.948259624898952,0.048605608703433896,0.003134766397614251
13,0.9897243442463893,0.008918671168441458,0.001356984585169301
14,0.935345934652289,0.050314296628847344,0.014339768718863576
15,0.9704488837886863,0.02262217268623702,0.006928943525076768
16,0.952063747322127,0.04751841948527326,0.0004178331925998719
17,0.9550864881402628,0.04418078579093018,0.0007327260688072381
18,0.8939151643361345,0.09507269058204254,0.011012145081823022
19,0.9554198026410704,0.0408107780125233,0.0037694193464062986
20,0.9570828712209605,0.039860087701957904,0.003057041077081628
21,0.39802885455288756,0.6006423869914725,0.0013287584556399919
22,0.9877278150699969,0.011748697791478833,0.0005234871385243211
23,0.9546070602965993,0.044736983403540105,0.0006559562998606244
24,0.9851975894682701,0.012636598331573037,0.002165812200156879
25,0.8690413293971496,0.12633923511080583,0.004619435492044619
26,0.9649612296800827,0.032108279108695875,0.002930491211221569
27,0.9900215133098232,0.008342656233444096,0.0016358304567327577
28,0.951390871161168,0.02572195877484688,0.02288717006398513
29,0.993451252449035,0.005975577036583207,0.0005731705143819553
30,0.9636840398044753,0.03584542532682221,0.00047053486870261905
31,0.9915962315016988,0.006867989265435339,0.0015357792328659092
32,0.9780507601697143,0.021330606779353133,0.0006186330509326855
33,0.9584589555068093,0.03830294793197723,0.003238096561213453
34,0.9302063191963625,0.06708820371571565,0.0027054770879218052
35,0.9828743713118032,0.016872312194816642,0.0002533164933801476
36,0.8830491800358663,0.10191454541794905,0.015036274546184713
37,0.9667880400404835,0.03271475330712885,0.0004972066523876154
38,0.9886534685875834,0.010729944929469071,0.0006165864829475688
39,0.9472119763986716,0.05140939314166033,0.0013786304596680784
40,0.9658976506578452,0.033473883302553596,0.0006284660396010687
41,0.961652505107405,0.034792457100649175,0.0035550377919459307
42,0.9848374803024444,0.014592485989882158,0.0005700337076734157
43,0.8219279418153144,0.16891760505889075,0.009154453125794843
44,0.9887372975993534,0.010244792909179975,0.0010179094914665979
45,0.9425913728184201,0.056915634172480904,0.0004929930090989961
46,0.9389354812210531,0.0585074248349432,0.002557093944003576
47,0.9493925245852666,0.04911020286507273,0.001497272549660623
48,0.9534347469786083,0.04408171037467808,0.002483542646713697
49,0.8938692164725698,0.0979042362116968,0.008226547315733494
50,0.9771584452357225,0.021669812485873966,0.0011717422784034166
51,0.9389410102429232,0.05554820856642241,0.00551078119065444
52,0.9744208576302145,0.02492234881841641,0.0006567935513690689
53,0.9690704116694195,0.010934339845559759,0.019995248485020867
54,0.984015512244965,0.012994908434852468,0.0029895793201826404
55,0.9604417842161721,0.03263160333982257,0.0069266124440054
56,0.9769879592704647,0.02184399886994386,0.001168041859591523
57,0.9716981468356946,0.026388294258203913,0.0019135589061016459
58,0.9737848425118845,0.024644081704685575,0.001571075783430132
59,0.9718402584474956,0.027701767266403395,0.0004579742861011335
60,0.9777330357375892,0.02119224370354619,0.001074720558864652
61,0.9827065282636647,0.016652458281177014,0.0006410134551583641
62,0.9803265458313297,0.019195641619158658,0.000477812549511591
63,0.9663633326025748,0.03305653971550986,0.0005801276819155009
64,0.9739024987928753,0.01889291438065784,0.007204586826466832
65,0.9429836394687046,0.05669956559652534,0.0003167949347702926
66,0.9683512150199536,0.025075414500304108,0.006573370479742245
67,0.9623341765870497,0.025979292003408885,0.011686531409541276
68,0.9652223150483848,0.013619237739057051,0.021158447212558253
69,0.9802038332980835,0.019516167986526597,0.00027999871538983347
70,0.9597201314990684,0.03919828623460608,0.0010815822663254727
71,0.9730743361049373,0.02355012594141856,0.0033755379536440353
72,0.9750272449244132,0.022237900439879877,0.0027348546357069286
73,0.22015935071865408,0.014477449176303222,0.7653632001050428
74,0.9834203730413993,0.01629655824122095,0.00028306871737973367
75,0.9589201320216805,0.040406197041225285,0.0006736709370941078
76,0.9534876701831307,0.045967946357398745,0.0005443834594703309
77,0.9651958252345915,0.034232465555332985,0.00057170921007542
78,0.9713288865129532,0.025822332600577792,0.0028487808864688575
79,0.9797457798252273,0.017473738947119007,0.0027804812276536754
80,0.9076669701665491,0.08963609325147588,0.0026969365819750715
81,0.9782381931216253,0.02064636488154548,0.0011154419968292986
82,0.9853403585797291,0.013916548791992441,0.0007430926282783858
83,0.9674092145448502,0.019745741849386336,0.012845043605763475
84,0.9603362537667363,0.039257428200084835,0.0004063180331790856
85,0.978189480624878,0.020989820212030545,0.0008206991630915
86,0.980158432895097,0.018863681916194905,0.0009778851887080533
87,0.9867777648238222,0.012247679040790696,0.000974556135387127
88,0.9849953940412352,0.012177441949463418,0.0028271640093014668
89,0.9131122519701692,0.08522523144764449,0.0016625165821862456
90,0.9498422619913542,0.049817565043065774,0.0003401729655800525
91,0.9809945535137348,0.018397610758101035,0.0006078357281641539
92,0.9922993166699267,0.0071623097767093405,0.0005383735533640923
93,0.9644483702641635,0.034088892479176944,0.0014627372566597188
94,0.9493944828204041,0.05033551593168181,0.0002700012479140413
95,0.9538126115093478,0.045571886773283894,0.0006155017173682597
96,0.9615316048894985,0.037825860670134534,0.0006425344403670572
97,0.9729442919338772,0.0182400973580686,0.008815610708054207
98,0.975236886582812,0.02432838452660377,0.00043472889058433886
99,0.8953716192237839,0.10404887615314258,0.0005795046230734874
100,0.9771188858782642,0.01967613919582056,0.0032049749259151165
101,0.9526766624905552,0.04011441109090985,0.007208926418534928
102,0.9753218213140087,0.02265876775679919,0.0020194109291920437
103,0.9692004678331716,0.03038038926591811,0.00041914290091033213
104,0.9753531374311465,0.01614351935001579,0.008503343218837693
105,0.9687250630024488,0.02544199401491937,0.005832942982631971
106,0.9503050373241498,0.04608855567106143,0.003606407004788753
107,0.9744901046300795,0.02192461438865842,0.003585280981262099
108,0.4887471507314139,0.510534363899978,0.0007184853686080808
109,0.9807407390948173,0.019094773937853197,0.00016448696732946673
110,0.9757323716009356,0.021407946688639556,0.002859681710424853
111,0.39037197016761666,0.6092924210682883,0.0003356087640949489
112,0.9751659340810627,0.020839169018120753,0.003994896900816624
113,0.9902150853152778,0.009215407130807875,0.0005695075539143524
114,0.9790659554578073,0.02026799818181574,0.0006660463603771092
115,0.9554878785203954,0.036877192237987765,0.007634929241616922
116,0.9737778986321302,0.01697245364259805,0.009249647725271941
117,0.9768362345652327,0.022560558902302956,0.0006032065324643434
118,0.9679714964267706,0.03139518387810278,0.0006333196951264412
119,0.952654601667742,0.04071576523266866,0.0066296330995894975
120,0.9407407230209535,0.053978820312692376,0.0052804566663541
121,0.9610058460859008,0.0384647618074008,0.0005293921066985116
122,0.9765840182665094,0.022466189972323285,0.0009497917611674444
123,0.9790819112123001,0.016434786728088957,0.004483302059610892
124,0.9611823096720032,0.037941172728849955,0.0008765175991468314
125,0.9757277354380184,0.014832159393118678,0.009440105168862942
126,0.9733460480071233,0.018888388340121246,0.007765563652755443
127,0.9535071483933045,0.04421925564145495,0.0022735959652404438
128,0.9706240669409492,0.028886078908869916,0.000489854150180979
129,0.9163441739587577,0.08298004697477243,0.0006757790664699318
130,0.979551234593625,0.019558804480750154,0.000889960925624721
131,0.9697033469128454,0.026968003839155597,0.00332864924799905
132,0.9722692412312092,0.016199269471135792,0.011531489297655087
133,0.9597991557873494,0.03974692838250989,0.00045391583014057254
134,0.962669787454577,0.036349787426845366,0.0009804251185777165
135,0.9582139556840861,0.03956840124045957,0.002217643075454455
136,0.9846215900529672,0.014921118781061553,0.000457291165971245
137,0.9832258803386519,0.0158908744902197,0.0008832451711286036
138,0.991388206963453,0.0076590387342260315,0.0009527543023209837
139,0.9778131365812991,0.006317040097013127,0.015869823321687737
140,0.9770660896757256,0.01929602394929197,0.0036378863749822734
141,0.9730687128071476,0.007368994138953355,0.019562293053899105
142,0.9621836450588652,0.03749610354858556,0.00032025139254921673
143,0.9884770702911426,0.005983862721803791,0.005539066987053701
144,0.970375636570124,0.02917550502823742,0.0004488584016384737
145,0.9844151301131433,0.015314497898867548,0.000270371987989201
146,0.9868542542888131,0.011341465150403976,0.0018042805607829749
147,0.9826077566323709,0.01577532740654749,0.0016169159610817786
148,0.9195636385357572,0.07985597823468832,0.0005803832295546913
149,0.9885236232724308,0.010292097702174935,0.0011842790253942278
150,0.9752981473956903,0.023562424508087442,0.00113942809622217
151,0.9768458847047469,0.02127011593586945,0.0018839993593837683
152,0.9836703788711578,0.010782685048152189,0.005546936080689945
153,0.9768987643897928,0.021458960310221376,0.001642275299985904
154,0.9615946229923605,0.03796216943445764,0.000443207573181834
155,0.9825013756325491,0.01670085450459911,0.0007977698628517798
156,0.974432448705638,0.024315947036800702,0.0012516042575611904
157,0.9853202700405667,0.013710513338871931,0.0009692166205614293
158,0.9547286556172376,0.04440848611117246,0.0008628582715899998
159,0.9903643928135195,0.008635468509351221,0.0010001386771291661
160,0.9899160630342669,0.0082909428079392,0.001792994157793906
161,0.9707034560209462,0.028820258182037324,0.00047628579701651665
162,0.9558927050311368,0.04176528217033696,0.002342012798526289
163,0.9853764357650048,0.01350602152262774,0.0011175427123673147
164,0.9717865436439656,0.02713105325710619,0.001082403098928309
165,0.980014369590304,0.013829611996405224,0.006156018413290804
166,0.981197252790341,0.01503141656728249,0.0037713306423763425
167,0.7164308116536601,0.2785767867357094,0.004992401610630566
168,0.03883054194491773,0.9594199356904523,0.0017495223646299357
169,0.06247433373121841,0.9362660965240339,0.0012595697447477631
170,0.19966079063770276,0.7978602378553593,0.002478971506937866
171,0.17790765556260527,0.8169464806177354,0.0051458638196593375
172,0.09582450444508532,0.9030820712115324,0.0010934243433823603
173,0.06010407476369012,0.9330472158193831,0.006848709416926761
174,0.20354012838878807,0.7953011172316128,0.0011587543795991415
175,0.03741651349302223,0.9575626429782987,0.005020843528679135
176,0.05146828482903946,0.9427656114239246,0.005766103747036106
177,0.6520338651359624,0.3465346654172252,0.001431469446812284
178,0.90422048840942,0.08675689548072031,0.009022616109859447
179,0.7208891706167644,0.27449463617968334,0.00461619320355227
180,0.7011004238151988,0.28222787162343327,0.01667170456136804
181,0.8553659678522603,0.14405075973068515,0.0005832724170546166
182,0.10957209415192487,0.8890192218077737,0.0014086840403014895
183,0.18155558071580663,0.8172458190592548,0.001198600224938547
184,0.09691705248939281,0.8957508207886407,0.007332126721966653
185,0.048224977005672603,0.9507873423423916,0.0009876806519358422
186,0.045447809831580276,0.9524208200073043,0.0021313701611153863
187,0.042991422901528256,0.9536747529119404,0.003333824186531443
188,0.8002330748182546,0.19744716939749665,0.0023197557842488258
189,0.1248163855884449,0.8697633553959147,0.005420259015640542
190,0.7713153423246042,0.22631054503953574,0.0023741126358601413
191,0.054735908619954345,0.9436132531426749,0.0016508382373708562
192,0.07978901300261174,0.9194748810371787,0.0007361059602096365
193,0.13212599390389093,0.8666386620012599,0.0012353440948491526
194,0.7490478755771501,0.24834540433310615,0.002606720089743719
195,0.6402857679064984,0.35745922724074486,0.0022550048527567967
196,0.15373751419895854,0.8419837902619285,0.004278695539113013
197,0.043315643869722475,0.955084665752868,0.001599690377409462
198,0.974478015287316,0.02488986785905169,0.0006321168536324276
199,0.727553882010758,0.2711992184904287,0.0012468994988133505
200,0.11681578936975258,0.8816647151992164,0.0015194954310308734
201,0.1338093559307517,0.8656579796555802,0.0005326644136681517
202,0.9199708415404425,0.07947189520167335,0.0005572632578840974
203,0.15916247533938885,0.8369041083100849,0.003933416350526325
204,0.2864716947292006,0.7125115714438363,0.0010167338269630908
205,0.8727677695728098,0.1256643657597224,0.0015678646674679162
206,0.08866830896001938,0.9085282720899815,0.0028034189499991573
207,0.9053774502303098,0.09367534219691577,0.0009472075727744781
208,0.8689945982124574,0.13042251097390514,0.0005828908136374564
209,0.8675733137913616,0.1290716564211649,0.0033550297874734196
210,0.16150997380311144,0.8322690644540642,0.00622096174282433
211,0.17225517781807995,0.8263955254866772,0.0013492966952427727
212,0.20307491754037493,0.7907222241239975,0.006202858335627646
213,0.9435560725307841,0.04999572240764951,0.006448205061566228
214,0.8858015024280035,0.1111884034330234,0.003010094138973137
215,0.1727444911722781,0.8253415050419831,0.0019140037857389106
216,0.8359203614696493,0.163538634360982,0.0005410041693687887
217,0.08720658937329258,0.9070728160716824,0.005720594555025068
218,0.7593615983803761,0.23959729655971349,0.0010411050599103229
219,0.05342082430769314,0.9347242101967592,0.011854965495547811
220,0.2097463662050748,0.7706287332129333,0.01962490058199186
221,0.1224985742320581,0.87639921481171,0.0011022109562317634
222,0.11376511947148747,0.884142104690097,0.0020927758384154853
223,0.23869653088354226,0.7559474655460648,0.005356003570392952
224,0.07477065989559899,0.9144984552715453,0.010730884832855777
225,0.18877044462362463,0.8101239504638837,0.0011056049124915839
226,0.81984125266913,0.16373012818343483,0.016428619147435153
227,0.06282303711620209,0.9342682380478522,0.0029087248359456527
228,0.7315723895964922,0.26510400280635216,0.003323607597155546
229,0.34852854251895393,0.6439008750799499,0.007570582401096192
230,0.11859310694935495,0.8805978186712194,0.0008090743794257173
231,0.05314085484446976,0.9454650042609481,0.0013941408945820945
232,0.09952373995406469,0.8957608071202898,0.004715452925645423
233,0.9032772490240375,0.08027263221648794,0.016450118759474497
234,0.06548944932286913,0.1663507954586092,0.7681597552185218
235,0.12081869991024749,0.8785765762313407,0.0006047238584118031
236,0.16831728594093964,0.8041205720680457,0.027562141991014595
237,0.7910743213653957,0.2035130232277115,0.005412655406892924
238,0.6502536287394047,0.3294321502705752,0.020314220990020154
239,0.8621900737272358,0.11276262234325105,0.02504730392951315
240,0.15714148788696794,0.8311928390901763,0.011665673022855653
241,0.1850617555344279,0.794414956383171,0.02052328808240123
242,0.05733892490376851,0.9362813784129881,0.0063796966832433515
243,0.6343365073360747,0.36310032359445416,0.002563169069471141
244,0.1263902304544385,0.872301072257447,0.0013086972881144363
245,0.7756396362215626,0.19644645168289415,0.027913912095543246
246,0.1721512346527602,0.8138315357136869,0.014017229633552893
247,0.14639074297583052,0.8519122399181481,0.0016970171060213402
248,0.20064087707360384,0.7900255004792625,0.009333622447133729
249,0.10385010974414974,0.8939390947756781,0.0022107954801721436
250,0.0816845406391839,0.9156858001733335,0.0026296591874826734
251,0.8702260877762541,0.12770809400134103,0.0020658182224048143
252,0.6193400675119147,0.37968636205363004,0.0009735704344551705
253,0.1808140033128331,0.8176714007673409,0.0015145959198260685
254,0.9390118604617387,0.053123706434228195,0.007864433104033222
255,0.38621663030284215,0.6034606502998981,0.010322719397259657
256,0.2654563887526196,0.727812921971464,0.0067306892759164605
257,0.10995952702061003,0.8761116601482586,0.013928812831131341
258,0.08457990522966842,0.9094541834968309,0.005965911273500618
259,0.9743802870603808,0.02049411907937904,0.0051255938602400245
260,0.7589783774190626,0.23782910573418348,0.003192516846753928
261,0.9634323477871773,0.03556203186159089,0.0010056203512320279
262,0.7979762830631993,0.19937972678963276,0.0026439901471680422
263,0.8738119221738978,0.1239546818509399,0.002233395975162224
264,0.909161961775916,0.08973631243903488,0.001101725785049206
265,0.7484696743989054,0.23797886608881272,0.013551459512281787
266,0.9469918707785339,0.04899930703873754,0.004008822182728624
267,0.9242630255705641,0.07197549340118523,0.0037614810282506727
268,0.9826052024950847,0.01588103266074619,0.0015137648441692286
269,0.25199694411664814,0.7411241248102045,0.006878931073147327
270,0.8612534260658923,0.1383296114489812,0.000416962485126545
271,0.8218377982185748,0.173104129824474,0.0050580719569511025
272,0.8762411006511809,0.12293563476027217,0.0008232645885470897
273,0.1818459201398963,0.8152447501299996,0.002909329730104042
274,0.9730456272149512,0.02566606302894849,0.0012883097561001346
275,0.08359245435608698,0.9157982350817283,0.0006093105621847387
276,0.15075612650547487,0.8476695380299167,0.0015743354646084006
277,0.915933998802185,0.0757304306184907,0.008335570579324375
278,0.8886984546768413,0.10444728798408287,0.006854257339075832
279,0.9282953104635856,0.07054496702777291,0.001159722508641405
280,0.3608882747566076,0.6365090247903975,0.0026027004529950333
281,0.950258334246147,0.047124815569529646,0.0026168501843232927
282,0.9442639617236404,0.05464863708268614,0.001087401193673349
283,0.1350950997169832,0.8632875536079467,0.0016173466750699734
284,0.18600317253983262,0.8070294442049282,0.006967383255239058
285,0.8746992997638077,0.11837797625260818,0.006922723983584087
286,0.9331343879139584,0.0588478532203423,0.008017758865699257
287,0.10137131992739519,0.8970127650591893,0.0016159150134155665
288,0.09396226255972755,0.9045794855509453,0.0014582518893273397
289,0.957909088896173,0.04147405450350151,0.000616856600325566
290,0.9119834837068259,0.07786977270817197,0.010146743585002284
291,0.9384181739622043,0.05180113144932927,0.00978069458846647
292,0.9838282454365843,0.015807326749734306,0.00036442781368135993
293,0.8085142314960613,0.16577164936678176,0.02571411913715707
294,0.9450911099630419,0.05164231003779415,0.0032665799991641238
295,0.027174132985725515,0.972343459619065,0.00048240739520959223
296,0.05805224490147655,0.9414343633433441,0.0005133917551792852
297,0.9524147666854893,0.043736885087202144,0.0038483482273085835
298,0.8971946960028239,0.08719400807684802,0.01561129592032809
299,0.9432348818000036,0.05069803837754498,0.00606707982245147
300,0.947146251454702,0.04865808463620807,0.004195663909089974
301,0.9455264961620309,0.054117332470633286,0.00035617136733593377
302,0.18692690052326047,0.8102565288696661,0.00281657060707329
303,0.9284236929315084,0.07034477408768487,0.001231532980806704
304,0.9414977252272761,0.057244565438023254,0.0012577093347005664
305,0.8685582414967025,0.1273049790683086,0.00413677943498906
306,0.9404813758404424,0.05268661361471506,0.006832010544842209
307,0.9619692320635852,0.036848648978463294,0.0011821189579514964
308,0.8335453310134701,0.16311071149624914,0.0033439574902809
309,0.8269643971165757,0.1692201709865829,0.0038154318968413137
310,0.9471476569759014,0.0524649163061479,0.00038742671795062166
311,0.1441592819701387,0.8544270270846064,0.0014136909452549039
312,0.9229383357998626,0.07624199548724343,0.0008196687128940179
313,0.857973668608457,0.14061007187166338,0.001416259519879537
314,0.9416920804024947,0.052617515384394346,0.0056904042131111
315,0.909599847743155,0.08839925950954963,0.002000892747295357
316,0.11936988567647049,0.8741765951174049,0.006453519206124672
317,0.9631563482861117,0.0342952932882487,0.0025483584256395875
318,0.9292981532654143,0.06508225989143857,0.005619586843147286
319,0.9247064292434191,0.06639759357294185,0.008895977183639157
320,0.21847811412416476,0.7808888957469232,0.0006329901289120509
321,0.41759257361315527,0.57948501464663,0.0029224117402146905
322,0.9474559189021193,0.0449760881383527,0.0075679929595278694
323,0.2908402263668959,0.7082755567621756,0.0008842168709283384
324,0.8704331846350291,0.12836687241643283,0.001199942948538103
325,0.05475805718783263,0.9443523096233959,0.0008896331887715476
326,0.9572929184487631,0.04028351252529718,0.0024235690259395964
327,0.9066051855978655,0.09244894984198673,0.0009458645601478051
328,0.8773008190793619,0.11930977639989557,0.0033894045207426156
329,0.9207085625940928,0.07844522186558926,0.0008462155403178758
330,0.8341953223440115,0.16529509718811577,0.0005095804678727637
331,0.9781936326371411,0.019889367138963516,0.0019170002238955218
332,0.9572042907691072,0.04199093986798791,0.0008047693629048603
333,0.9711651729159501,0.028208271446185214,0.0006265556378648224
334,0.922701765402719,0.07687151168242186,0.00042672291485921517
335,0.9717288151447425,0.026218900126778737,0.0020522847284787007
336,0.13208810607038302,0.8663472121990698,0.0015646817305470595
337,0.9608692300384215,0.037743972971017885,0.0013867969905606424
338,0.11948451641027562,0.8785855477879618,0.001929935801762591
339,0.9496890681790705,0.027880751765271956,0.022430180055657504
340,0.177013557303895,0.8207301378607084,0.0022563048353966093
341,0.9560514951704313,0.043025306933155344,0.000923197896413315
342,0.05266228446534517,0.9429784593350505,0.004359256199604214
343,0.8681969680017776,0.13128290257698771,0.0005201294212347022
344,0.9217558990132163,0.07640223377904017,0.0018418672077434965
345,0.9658478088290116,0.033578061436548796,0.000574129734439723
346,0.9558294669887583,0.0422994176793377,0.0018711153319041095
347,0.9547370701298561,0.04455926317876466,0.0007036666913792134
348,0.8977823110617384,0.09704626094939586,0.005171427988865724
349,0.906503984753722,0.09301959030754708,0.0004764249387308562
350,0.5862165126662122,0.41290537259464827,0.0008781147391394096
351,0.13511933516404,0.862262078139824,0.002618586696136032
352,0.9679570432356893,0.020103975117914785,0.011938981646395962
353,0.09522841505579786,0.9024560579887663,0.002315526955436063
354,0.9474156657010114,0.0470627031619532,0.005521631137035258
355,0.9790323197751818,0.018231550094243067,0.002736130130575168
356,0.9491128411613579,0.048755616102371675,0.002131542736270584
357,0.1956803512143928,0.8028945921190991,0.0014250566665081866
358,0.9732631957001138,0.023321907743830552,0.0034148965560556444
359,0.911270513331577,0.08720770589676219,0.0015217807716607604
360,0.9711638402078997,0.027963875335681686,0.000872284456418574
361,0.8831505818168579,0.10373062770867067,0.013118790474471302
362,0.9472316919717452,0.049863814243362926,0.002904493784891957
363,0.9228312499608379,0.07503990324664751,0.0021288467925146414
364,0.9812927086850972,0.01707030804903239,0.001636983265870466
365,0.9757621886157585,0.023798114863930953,0.00043969652031039167
366,0.933541253525138,0.061297890013259325,0.005160856461602705
367,0.9686217416250185,0.030044911147285847,0.0013333472276957248
368,0.9658932485402443,0.027545463302072495,0.0065612881576831575
369,0.8449961152652607,0.15359150145646763,0.0014123832782715507
370,0.8835189628408453,0.11526400289569884,0.001217034263455965
371,0.9820049415587656,0.016565695967574387,0.0014293624736600788
372,0.3105559202816391,0.6807043843291468,0.008739695389214057
373,0.9698538593341803,0.02776893891100632,0.0023772017548133605
374,0.8290244061018677,0.16683274527628986,0.004142848621842483
375,0.982317227873928,0.01672066408154249,0.0009621080445294881
376,0.9631230243005514,0.03408348363579881,0.002793492063649661
377,0.9164873628523195,0.08132454534649046,0.002188091801190105
378,0.9658361144412281,0.03116904148270467,0.0029948440760673156
379,0.9536522750378302,0.045323364269864476,0.0010243606923051704
380,0.9340005777069406,0.0627183723749859,0.0032810499180736543
381,0.9646988306359872,0.03256188334985952,0.0027392860141534025
382,0.9516958719178081,0.04694759593860838,0.001356532143583372
383,0.9392865850990246,0.060070821419701624,0.0006425934812738072
384,0.8347317240512888,0.16414929650182716,0.0011189794468842544
385,0.982861145287101,0.013478749516227937,0.003660105196671154
386,0.935065427374656,0.06339251378408056,0.0015420588412634547
387,0.9480102584923755,0.051708408288174204,0.0002813332194502113
388,0.9766306951496626,0.02192396582130343,0.001445339029034024
389,0.8716186244213667,0.12778225703379636,0.0005991185448369518
390,0.9684335959321249,0.03031448324779492,0.001251920820080253
391,0.9066605957669317,0.09201142153712398,0.0013279826959442685
392,0.9428405065425359,0.05621476450008923,0.000944728957374844
393,0.9261122103137924,0.07333968090409343,0.0005481087821141051
394,0.9663908005224364,0.032739418490795626,0.0008697809867679931
395,0.9844046901272526,0.012834895148075596,0.002760414724671924
396,0.941604016567623,0.04639776484698328,0.011998218585393683
397,0.8785402405209312,0.11918541756863475,0.0022743419104341456
398,0.8850067406024271,0.11433026042736669,0.0006629989702062138
399,0.3982196184341053,0.5987902743537957,0.002990107212099093
400,0.9289490656859727,0.07040214215580794,0.0006487921582194994
401,0.9417258101227216,0.057146748587461736,0.001127441289816609
402,0.9616723117140845,0.037212455380937294,0.001115232904978169
403,0.9548943419263108,0.04470305882447638,0.00040259924921290916
404,0.946553147950842,0.048501063202619356,0.004945788846538638
405,0.9446076291740955,0.05422221168637815,0.0011701591395265611
406,0.9655350076439365,0.03358873228700369,0.0008762600690597269
407,0.8997331749434846,0.09633021353339341,0.003936611523121932
408,0.9423314317805705,0.045890167303697056,0.011778400915732411
409,0.2951993233306935,0.7035598089746464,0.0012408676946601875
410,0.9565017768842454,0.041369892546999985,0.002128330568754621
411,0.9492491453757627,0.05047166777008202,0.00027918685415543015
412,0.916632253568363,0.08100416592774548,0.002363580503891682
413,0.9491542104780877,0.043049865211459475,0.007795924310452738
414,0.9664015022915231,0.033243575950506976,0.0003549217579698997
415,0.9442972952787162,0.0476937874726452,0.008008917248638723
416,0.9074195377248906,0.09104403178900905,0.0015364304861002773
417,0.9618323442814325,0.035064362155044285,0.00310329356352332
418,0.9446680493757131,0.052027551513044445,0.0033043991112423577
419,0.9270961172095284,0.06976746506273053,0.003136417727741114
420,0.9554403607074725,0.04188066783055685,0.0026789714619706393
421,0.9085746642160142,0.09109160738923014,0.0003337283947556966
422,0.9738209054789059,0.019984229239989184,0.006194865281105058
423,0.9510526879109824,0.0472520848081272,0.0016952272808901856
424,0.9442780282784409,0.05225308850682123,0.0034688832147379473
425,0.8921519198450965,0.10649288921861394,0.001355190936289614
426,0.9649025261189652,0.03369103073017403,0.0014064431508608597
427,0.9168548936713768,0.08146438074592964,0.001680725582693623
428,0.902919029256573,0.09649677502740131,0.0005841957160257651
429,0.9593868752464765,0.035271535516881315,0.005341589236642098
430,0.875432077691746,0.12292364358930835,0.0016442787189458316
431,0.1901034561667951,0.8087813668553325,0.0011151769778724283
432,0.9667748671361505,0.032652383240054955,0.0005727496237946563
433,0.9691001813056253,0.029039456063599624,0.0018603626307749897
434,0.9787375676720004,0.020840851360276087,0.00042158096772385636
435,0.9199263461959255,0.07817257810750487,0.0019010756965695582
436,0.9592309863854733,0.039848010486200174,0.0009210031283265179
437,0.9760797241439252,0.023358637513162316,0.0005616383429124657
438,0.9499250948680423,0.042658251791548175,0.007416653340409557
439,0.9876558221767011,0.012076772277917844,0.00026740554538115784
440,0.963567199907936,0.03611278330239236,0.00032001678967161185
441,0.9445233760919514,0.05417521674669884,0.0013014071613498615
442,0.8761466749638754,0.12003467997539076,0.003818645060733812
443,0.9589476481664313,0.039245165967683245,0.0018071858658855868
444,0.9287375897681247,0.0699397693569758,0.0013226408748994805
445,0.9070179721279458,0.08998237647354208,0.002999651398512168
446,0.9768077554675869,0.02187395214150502,0.0013182923909080568
447,0.9714943541678558,0.027744914658957197,0.0007607311731871474
448,0.9527805376837155,0.04537105928970213,0.0018484030265824142
449,0.945821919472256,0.05292466810556327,0.001253412422180676
450,0.9516094715792359,0.0447628371420239,0.0036276912787402654
451,0.4249675321765604,0.571433577469165,0.003598890354274429
452,0.963525348563192,0.03169111996304972,0.004783531473758236
453,0.9864066475775625,0.012917121379592248,0.0006762310428453061
454,0.9409331939151588,0.058447478797070004,0.0006193272877712463
455,0.9820492960021943,0.013583138347479672,0.004367565650326112
456,0.970062863078071,0.028869644452270086,0.0010674924696588916
457,0.9857872814531438,0.012199373267638975,0.002013345279217398
458,0.9655399154226028,0.02426631147422613,0.010193773103171145
459,0.9491097722595432,0.04866775402238228,0.0022224737180745937
460,0.987027933083852,0.012185203695774994,0.0007868632203730051
461,0.9685865995597853,0.029723082611218973,0.0016903178289957026
462,0.9309519299953776,0.06645643920317193,0.002591630801450616
463,0.9714733372507233,0.02470713000742101,0.0038195327418557817
464,0.9772180864962607,0.021794861946889676,0.0009870515568496377
465,0.954746937918689,0.041265199927874495,0.003987862153436549
466,0.811534263127796,0.18754475384539881,0.0009209830268053068
467,0.9524220975671163,0.04660737464959407,0.0009705277832895137
468,0.8176757361499591,0.18195720125544793,0.0003670625945929978
469,0.9414123262707299,0.05672001745117746,0.0018676562780925705
470,0.9636694314127898,0.027303968163609905,0.009026600423600315
471,0.9541992524615941,0.04488694526756428,0.0009138022708417981
472,0.9708788155688046,0.02603848721213963,0.00308269721905581
473,0.963229488626623,0.03513284710091024,0.001637664272466787
474,0.9678980605695363,0.03123002214204072,0.0008719172884230067
475,0.9781264546626628,0.021065642443544336,0.0008079028937929006
476,0.4490141343497448,0.5499535749815888,0.0010322906686663822
477,0.9634876128014528,0.03520825825374193,0.001304128944805283
478,0.9633332401787673,0.03477895022758685,0.001887809593645811
479,0.9837291197483683,0.015704791903327072,0.0005660883483046309
480,0.9784716700978819,0.019947282347370893,0.0015810475547471197
481,0.9447129195148871,0.05369754614825503,0.0015895343368576584
482,0.9738148095548536,0.023465622129760482,0.002719568315385962
483,0.8790358298760294,0.1206611910162385,0.0003029791077322372
484,0.9538713545555723,0.043259510899443805,0.0028691345449838724
485,0.9725053287907968,0.024623215883211133,0.0028714553259921376
486,0.9814599185043492,0.017864449065306168,0.0006756324303447388
487,0.9366397333167291,0.06280975688268027,0.0005505098005905937
488,0.9844714447165703,0.015164293877315315,0.00036426140611441104
489,0.9336572267473363,0.06511624936128523,0.0012265238913784858
490,0.9327342775491061,0.06256817339142236,0.004697549059471561
491,0.8806018335483006,0.11802245515192697,0.0013757112997725778
492,0.6701549500711115,0.2958038209773928,0.03404122895149576
493,0.03128399599604895,0.9668450826752594,0.0018709213286916293
494,0.09444827257817417,0.9013656529201588,0.00418607450166715
495,0.0762270675048731,0.9209776114392894,0.0027953210558375775
496,0.03984816020870301,0.14898793609339975,0.8111639036978973
497,0.07747057753371966,0.9152864179073456,0.007243004558934814
498,0.0331249009689236,0.9561334884361596,0.010741610594916625
499,0.06849180685531027,0.9275765222304968,0.003931670914192806
500,0.07950013077641899,0.09142781002573701,0.829072059197844
501,0.6487130476669009,0.34970362524219845,0.0015833270909007355
502,0.30321452045964403,0.6871870813260967,0.009598398214259238
503,0.07679727503660837,0.9141538952575972,0.009048829705794383
504,0.1955339973803039,0.8036857005452507,0.000780302074445458
505,0.028136112884430155,0.9686505573669384,0.003213329748631391
506,0.6610676252941097,0.33518397649437254,0.0037483982115177634
507,0.8911901073417487,0.10582326702259932,0.0029866256356518824
508,0.10523769757281964,0.8912980719357322,0.0034642304914482606
509,0.7011633515075992,0.29646722165064804,0.0023694268417528636
510,0.19293532345010153,0.8019787465396515,0.005085930010246905
511,0.0654902784768043,0.930193533493385,0.004316188029810649
512,0.6551152181894837,0.31794366020475806,0.026941121605758376
513,0.22574529145999908,0.7676224128746505,0.00663229566535038
514,0.0410588837066257,0.9485205152788951,0.010420601014479324
515,0.08672026955656555,0.911630870224902,0.0016488602185323715
516,0.030281644216658278,0.9643982710268368,0.005320084756504893
517,0.9418735487416646,0.03798540392415821,0.020141047334177282
518,0.15105564637709865,0.844995801388711,0.003948552234190375
519,0.20758382066528513,0.771136865206212,0.021279314128502626
520,0.0884925985651764,0.906418956195371,0.005088445239452568
521,0.06600270962978345,0.9218510869960475,0.012146203374169119
522,0.07487370272240618,0.9179779553105905,0.007148341967003372
523,0.8012491085425111,0.19789115656598358,0.0008597348915052494
524,0.9183738870599212,0.041610414552864856,0.04001569838721399
525,0.12422279332321191,0.8736202083790654,0.0021569982977227556
526,0.7549184037860517,0.23051787694408166,0.014563719269866535
527,0.22548590985517158,0.6905045591794814,0.08400953096534704
528,0.0694236160795662,0.9290472828011617,0.0015291011192720533
529,0.046284741734923314,0.9393651100828566,0.014350148182220027
530,0.02116689608494385,0.9702881611718959,0.00854494274316035
531,0.07182214519206356,0.922682706657999,0.005495148149937474
532,0.875005255315743,0.11383073317346538,0.0111640115107917
533,0.2197611823218567,0.777123673628983,0.003115144049160059
534,0.04769667546198267,0.9338226420989911,0.018480682439026182
535,0.13942737670435656,0.8597648683637911,0.000807754931852582
536,0.25105434644455676,0.7481532926622199,0.0007923608932232694
537,0.8268282175862802,0.16868836316994287,0.004483419243777041
538,0.9416103992025475,0.057126800209926984,0.0012628005875255331
539,0.0832853679482825,0.9143591207818008,0.0023555112699165503
540,0.12138687670167654,0.8702539096228639,0.008359213675459672
541,0.8017381084594727,0.19532458209696077,0.0029373094435665888
542,0.18071706841508423,0.8114322567995181,0.007850674785397513
543,0.06971204855199566,0.9273091971148382,0.002978754333166338
544,0.13897372692140225,0.8599502392785301,0.0010760338000677455
545,0.5677266621855399,0.43067939572922886,0.0015939420852312002
546,0.07265449289960599,0.9254090968973565,0.0019364102030373978
547,0.13841906672681986,0.8453326096947894,0.01624832357839078
548,0.8615808467463233,0.13250018893153154,0.005918964322145019
549,0.06443263912809356,0.9317779050582278,0.00378945581367858
550,0.06691652600273687,0.9277438176979549,0.005339656299308354
551,0.06436633824688548,0.9321701287306339,0.0034635330224806267
552,0.37799918030398727,0.6192476777183646,0.0027531419776480872
553,0.6356730225054139,0.35915699165198683,0.005169985842599149
554,0.7696207134645932,0.21805006567063476,0.012329220864772188
555,0.06440603001133731,0.9328867904033573,0.002707179585305323
556,0.11582302889849756,0.8812428830157946,0.002934088085708039
557,0.898047909607021,0.09925576095496921,0.0026963294380097933
558,0.9465461664468707,0.047365321482383975,0.006088512070745334
559,0.32771328813010087,0.6552963453152716,0.016990366554627576
560,0.09036754697547267,0.9050115433410604,0.004620909683467121
561,0.03189551661816418,0.9575268736244605,0.010577609757375359
562,0.7907944092947425,0.20847944846588953,0.0007261422393680042
563,0.128592512685623,0.8708106768170152,0.0005968104973618763
564,0.13124803630714688,0.8654483095413653,0.0033036541514878254
565,0.0816798426432716,0.9171357906303594,0.0011843667263688256
566,0.10911586328749691,0.888700709244947,0.002183427467555865
567,0.13626773697035505,0.8580070240404821,0.005725238989162845
568,0.07071987730308518,0.927774502756967,0.0015056199399478324
569,0.1224041674931892,0.8755467592933861,0.0020490732134248505
570,0.23001393165944198,0.7691927793401357,0.0007932890004223404
571,0.14912932612489999,0.8388446396873949,0.012026034187705157
572,0.9254965856724456,0.07360920542539562,0.0008942089021587406
573,0.10333896550498967,0.8799688141030734,0.016692220391937095
574,0.14939620694601444,0.845750213715979,0.004853579338006475
575,0.10301368624162548,0.8958181160070053,0.001168197751369186
576,0.17412420068365755,0.8088648602197881,0.017010939096554496
577,0.1506760675761319,0.8448370862083147,0.004486846215553555
578,0.6694584003862349,0.3266489126857475,0.0038926869280176382
579,0.9401658846311941,0.058185458754128,0.0016486566146780865
580,0.11933303088743102,0.8783453787004583,0.0023215904121107176
581,0.09117567228603951,0.907529708973027,0.0012946187409333396
582,0.19454607210818933,0.801625207677685,0.0038287202141257725
583,0.6531400670749591,0.34275441310209764,0.004105519822943265
584,0.8670671930972957,0.12870216704284723,0.004230639859857012
585,0.8024616794968878,0.19154120494523866,0.00599711555787346
586,0.921159598868074,0.04299528340097108,0.03584511773095493
587,0.9837139836687562,0.011009978673577916,0.0052760376576659815
588,0.9588392928149857,0.03933079519208772,0.0018299119929268224
589,0.9716539847128636,0.026986676364942747,0.0013593389221937115
590,0.92408056169913,0.05230639349626463,0.023613044804605382
591,0.9578186872325577,0.037874809531109915,0.004306503236332327
592,0.9082248646057047,0.08532801219821572,0.006447123196079539
593,0.9286364078868113,0.029843841414072952,0.04151975069911588
594,0.9836555247939689,0.015620226555218945,0.0007242486508123393
595,0.9767088264362856,0.014327450356539793,0.008963723207174742
596,0.972045290143853,0.02683994876218845,0.0011147610939584284
597,0.9625615782047339,0.035068544070298434,0.002369877724967625
598,0.9303151850275757,0.06806713400060763,0.001617680971816549
599,0.9396469278879173,0.05373299817843967,0.006620073933643119
600,0.954907206971852,0.030351859842588064,0.014740933185559853
601,0.9398356016999195,0.05661473179293728,0.0035496665071431195
602,0.9454078929023606,0.05211621234607724,0.002475894751562153
603,0.9678636163629538,0.031078885542592236,0.0010574980944540763
604,0.9470088629770403,0.04857994766785366,0.004411189355106045
605,0.9392859483815175,0.05153695454623117,0.009177097072251304
606,0.8324199861257517,0.16714787354123598,0.00043214033301213086
607,0.9285402901959552,0.07122020818048624,0.00023950162355847648
608,0.8681471148418305,0.1306809153341688,0.0011719698240007204
609,0.9656050367216475,0.03064978075603489,0.003745182522317514
610,0.9443059603620008,0.055212677795039945,0.0004813618429593472
611,0.9601643774919315,0.03683469262646116,0.003000929881607296
612,0.9593365982121564,0.03901202536260416,0.0016513764252393218
613,0.958852161154922,0.04074041937260423,0.00040741947247384836
614,0.9724196820623492,0.025801829321030697,0.0017784886166200672
615,0.9592202287532865,0.038284853644672275,0.00249491760204138
616,0.22072800121027433,0.7786392854493849,0.0006327133403408628
617,0.9209468662487275,0.078628466556644,0.00042466719462845863
618,0.9690982214680683,0.02417707716499076,0.006724701366941018
619,0.9551490050403263,0.04088122275769168,0.003969772201982017
620,0.43542108881825153,0.5634041376607043,0.0011747735210442208
